sed_p05.cor 1.0 2000.0 3.5 0.5 0.0 0.0
sed_p05.cor 2.0 2000.0 4.0 0.5 0.0 0.0
sed_p05.cor 3.0 2000.0 4.5 0.5 0.0 0.0
sed_p05.cor 4.0 2000.0 5.0 0.5 0.0 0.0
sed_p05.cor 5.0 2000.0 5.5 0.5 0.0 0.0
sed_p05.cor 6.0 2200.0 3.5 0.5 0.0 0.0
sed_p05.cor 7.0 2200.0 4.0 0.5 0.0 0.0
sed_p05.cor 8.0 2200.0 4.5 0.5 0.0 0.0
sed_p05.cor 9.0 2200.0 5.0 0.5 0.0 0.0
sed_p05.cor 10.0 2200.0 5.5 0.5 0.0 0.0
sed_p05.cor 11.0 2500.0 -1.02 0.5 0.0 0.0
sed_p05.cor 12.0 2500.0 -0.7 0.5 0.0 0.0
sed_p05.cor 13.0 2500.0 -0.29 0.5 0.0 0.0
sed_p05.cor 14.0 2500.0 0.28 0.5 0.0 0.0
sed_p05.cor 15.0 2500.0 3.5 0.5 0.0 0.0
sed_p05.cor 16.0 2500.0 4.0 0.5 0.0 0.0
sed_p05.cor 17.0 2500.0 4.5 0.5 0.0 0.0
sed_p05.cor 18.0 2500.0 5.0 0.5 0.0 0.0
sed_p05.cor 19.0 2500.0 5.5 0.5 0.0 0.0
sed_p05.cor 20.0 2800.0 -1.02 0.5 0.0 0.0
sed_p05.cor 21.0 2800.0 -0.7 0.5 0.0 0.0
sed_p05.cor 22.0 2800.0 -0.29 0.5 0.0 0.0
sed_p05.cor 23.0 2800.0 0.28 0.5 0.0 0.0
sed_p05.cor 24.0 2800.0 0.6 0.5 0.0 0.0
sed_p05.cor 25.0 2800.0 3.5 0.5 0.0 0.0
sed_p05.cor 26.0 2800.0 4.0 0.5 0.0 0.0
sed_p05.cor 27.0 2800.0 4.5 0.5 0.0 0.0
sed_p05.cor 28.0 2800.0 5.0 0.5 0.0 0.0
sed_p05.cor 29.0 3000.0 -0.7 0.5 0.0 0.0
sed_p05.cor 30.0 3000.0 -0.29 0.5 0.0 0.0
sed_p05.cor 31.0 3000.0 0.28 0.5 0.0 0.0
sed_p05.cor 32.0 3000.0 0.6 0.5 0.0 0.0
sed_p05.cor 33.0 3000.0 3.5 0.5 0.0 0.0
sed_p05.cor 34.0 3000.0 4.0 0.5 0.0 0.0
sed_p05.cor 35.0 3000.0 4.5 0.5 0.0 0.0
sed_p05.cor 36.0 3000.0 5.0 0.5 0.0 0.0
sed_p05.cor 37.0 3000.0 5.5 0.5 0.0 0.0
sed_p05.cor 38.0 3200.0 -0.7 0.5 0.0 0.0
sed_p05.cor 39.0 3200.0 -0.51 0.5 0.0 0.0
sed_p05.cor 40.0 3200.0 -0.29 0.5 0.0 0.0
sed_p05.cor 41.0 3200.0 0.28 0.5 0.0 0.0
sed_p05.cor 42.0 3200.0 0.6 0.5 0.0 0.0
sed_p05.cor 43.0 3200.0 3.5 0.5 0.0 0.0
sed_p05.cor 44.0 3200.0 4.0 0.5 0.0 0.0
sed_p05.cor 45.0 3200.0 4.5 0.5 0.0 0.0
sed_p05.cor 46.0 3200.0 5.0 0.5 0.0 0.0
sed_p05.cor 47.0 3200.0 5.5 0.5 0.0 0.0
sed_p05.cor 48.0 3350.0 -0.51 0.5 0.0 0.0
sed_p05.cor 49.0 3350.0 -0.29 0.5 0.0 0.0
sed_p05.cor 50.0 3350.0 0.28 0.5 0.0 0.0
sed_p05.cor 51.0 3350.0 0.6 0.5 0.0 0.0
sed_p05.cor 52.0 3350.0 0.87 0.5 0.0 0.0
sed_p05.cor 53.0 3350.0 3.5 0.5 0.0 0.0
sed_p05.cor 54.0 3350.0 4.0 0.5 0.0 0.0
sed_p05.cor 55.0 3350.0 4.5 0.5 0.0 0.0
sed_p05.cor 56.0 3350.0 5.0 0.5 0.0 0.0
sed_p05.cor 57.0 3350.0 5.5 0.5 0.0 0.0
sed_p05.cor 58.0 3500.0 0.0 0.5 2.0 1.25
sed_p05.cor 59.0 3500.0 0.5 0.5 2.0 1.25
sed_p05.cor 60.0 3500.0 1.0 0.5 2.0 1.25
sed_p05.cor 61.0 3500.0 1.5 0.5 2.0 1.25
sed_p05.cor 62.0 3500.0 2.0 0.5 2.0 1.25
sed_p05.cor 63.0 3500.0 2.5 0.5 2.0 1.25
sed_p05.cor 64.0 3500.0 3.0 0.5 2.0 1.25
sed_p05.cor 65.0 3500.0 3.5 0.5 2.0 1.25
sed_p05.cor 66.0 3500.0 4.0 0.5 2.0 1.25
sed_p05.cor 67.0 3500.0 4.5 0.5 2.0 1.25
sed_p05.cor 68.0 3500.0 5.0 0.5 2.0 1.25
sed_p05.cor 69.0 3750.0 0.0 0.5 2.0 1.25
sed_p05.cor 70.0 3750.0 0.5 0.5 2.0 1.25
sed_p05.cor 71.0 3750.0 1.0 0.5 2.0 1.25
sed_p05.cor 72.0 3750.0 1.5 0.5 2.0 1.25
sed_p05.cor 73.0 3750.0 2.0 0.5 2.0 1.25
sed_p05.cor 74.0 3750.0 2.5 0.5 2.0 1.25
sed_p05.cor 75.0 3750.0 3.0 0.5 2.0 1.25
sed_p05.cor 76.0 3750.0 3.5 0.5 2.0 1.25
sed_p05.cor 77.0 3750.0 4.0 0.5 2.0 1.25
sed_p05.cor 78.0 3750.0 4.5 0.5 2.0 1.25
sed_p05.cor 79.0 3750.0 5.0 0.5 2.0 1.25
sed_p05.cor 80.0 4000.0 0.0 0.5 2.0 1.25
sed_p05.cor 81.0 4000.0 0.5 0.5 2.0 1.25
sed_p05.cor 82.0 4000.0 1.0 0.5 2.0 1.25
sed_p05.cor 83.0 4000.0 1.5 0.5 2.0 1.25
sed_p05.cor 84.0 4000.0 2.0 0.5 2.0 1.25
sed_p05.cor 85.0 4000.0 2.5 0.5 2.0 1.25
sed_p05.cor 86.0 4000.0 3.0 0.5 2.0 1.25
sed_p05.cor 87.0 4000.0 3.5 0.5 2.0 1.25
sed_p05.cor 88.0 4000.0 4.0 0.5 2.0 1.25
sed_p05.cor 89.0 4000.0 4.5 0.5 2.0 1.25
sed_p05.cor 90.0 4000.0 5.0 0.5 2.0 1.25
sed_p05.cor 91.0 4250.0 0.0 0.5 2.0 1.25
sed_p05.cor 92.0 4250.0 0.5 0.5 2.0 1.25
sed_p05.cor 93.0 4250.0 1.0 0.5 2.0 1.25
sed_p05.cor 94.0 4250.0 1.5 0.5 2.0 1.25
sed_p05.cor 95.0 4250.0 2.0 0.5 2.0 1.25
sed_p05.cor 96.0 4250.0 2.5 0.5 2.0 1.25
sed_p05.cor 97.0 4250.0 3.0 0.5 2.0 1.25
sed_p05.cor 98.0 4250.0 3.5 0.5 2.0 1.25
sed_p05.cor 99.0 4250.0 4.0 0.5 2.0 1.25
sed_p05.cor 100.0 4250.0 4.5 0.5 2.0 1.25
sed_p05.cor 101.0 4250.0 5.0 0.5 2.0 1.25
sed_p05.cor 102.0 4500.0 0.0 0.5 2.0 1.25
sed_p05.cor 103.0 4500.0 0.5 0.5 2.0 1.25
sed_p05.cor 104.0 4500.0 1.0 0.5 2.0 1.25
sed_p05.cor 105.0 4500.0 1.5 0.5 2.0 1.25
sed_p05.cor 106.0 4500.0 2.0 0.5 2.0 1.25
sed_p05.cor 107.0 4500.0 2.5 0.5 2.0 1.25
sed_p05.cor 108.0 4500.0 3.0 0.5 2.0 1.25
sed_p05.cor 109.0 4500.0 3.5 0.5 2.0 1.25
sed_p05.cor 110.0 4500.0 4.0 0.5 2.0 1.25
sed_p05.cor 111.0 4500.0 4.5 0.5 2.0 1.25
sed_p05.cor 112.0 4500.0 5.0 0.5 2.0 1.25
sed_p05.cor 113.0 4750.0 0.0 0.5 2.0 1.25
sed_p05.cor 114.0 4750.0 0.5 0.5 2.0 1.25
sed_p05.cor 115.0 4750.0 1.0 0.5 2.0 1.25
sed_p05.cor 116.0 4750.0 1.5 0.5 2.0 1.25
sed_p05.cor 117.0 4750.0 2.0 0.5 2.0 1.25
sed_p05.cor 118.0 4750.0 2.5 0.5 2.0 1.25
sed_p05.cor 119.0 4750.0 3.0 0.5 2.0 1.25
sed_p05.cor 120.0 4750.0 3.5 0.5 2.0 1.25
sed_p05.cor 121.0 4750.0 4.0 0.5 2.0 1.25
sed_p05.cor 122.0 4750.0 4.5 0.5 2.0 1.25
sed_p05.cor 123.0 4750.0 5.0 0.5 2.0 1.25
sed_p05.cor 124.0 5000.0 0.0 0.5 2.0 1.25
sed_p05.cor 125.0 5000.0 0.5 0.5 2.0 1.25
sed_p05.cor 126.0 5000.0 1.0 0.5 2.0 1.25
sed_p05.cor 127.0 5000.0 1.5 0.5 2.0 1.25
sed_p05.cor 128.0 5000.0 2.0 0.5 2.0 1.25
sed_p05.cor 129.0 5000.0 2.5 0.5 2.0 1.25
sed_p05.cor 130.0 5000.0 3.0 0.5 2.0 1.25
sed_p05.cor 131.0 5000.0 3.5 0.5 2.0 1.25
sed_p05.cor 132.0 5000.0 4.0 0.5 2.0 1.25
sed_p05.cor 133.0 5000.0 4.5 0.5 2.0 1.25
sed_p05.cor 134.0 5000.0 5.0 0.5 2.0 1.25
sed_p05.cor 135.0 5250.0 0.0 0.5 2.0 1.25
sed_p05.cor 136.0 5250.0 0.5 0.5 2.0 1.25
sed_p05.cor 137.0 5250.0 1.0 0.5 2.0 1.25
sed_p05.cor 138.0 5250.0 1.5 0.5 2.0 1.25
sed_p05.cor 139.0 5250.0 2.0 0.5 2.0 1.25
sed_p05.cor 140.0 5250.0 2.5 0.5 2.0 1.25
sed_p05.cor 141.0 5250.0 3.0 0.5 2.0 1.25
sed_p05.cor 142.0 5250.0 3.5 0.5 2.0 1.25
sed_p05.cor 143.0 5250.0 4.0 0.5 2.0 1.25
sed_p05.cor 144.0 5250.0 4.5 0.5 2.0 1.25
sed_p05.cor 145.0 5250.0 5.0 0.5 2.0 1.25
sed_p05.cor 146.0 5500.0 0.0 0.5 2.0 1.25
sed_p05.cor 147.0 5500.0 0.5 0.5 2.0 1.25
sed_p05.cor 148.0 5500.0 1.0 0.5 2.0 1.25
sed_p05.cor 149.0 5500.0 1.5 0.5 2.0 1.25
sed_p05.cor 150.0 5500.0 2.0 0.5 2.0 1.25
sed_p05.cor 151.0 5500.0 2.5 0.5 2.0 1.25
sed_p05.cor 152.0 5500.0 3.0 0.5 2.0 1.25
sed_p05.cor 153.0 5500.0 3.5 0.5 2.0 1.25
sed_p05.cor 154.0 5500.0 4.0 0.5 2.0 1.25
sed_p05.cor 155.0 5500.0 4.5 0.5 2.0 1.25
sed_p05.cor 156.0 5500.0 5.0 0.5 2.0 1.25
sed_p05.cor 157.0 5750.0 0.0 0.5 2.0 1.25
sed_p05.cor 158.0 5750.0 0.5 0.5 2.0 1.25
sed_p05.cor 159.0 5750.0 1.0 0.5 2.0 1.25
sed_p05.cor 160.0 5750.0 1.5 0.5 2.0 1.25
sed_p05.cor 161.0 5750.0 2.0 0.5 2.0 1.25
sed_p05.cor 162.0 5750.0 2.5 0.5 2.0 1.25
sed_p05.cor 163.0 5750.0 3.0 0.5 2.0 1.25
sed_p05.cor 164.0 5750.0 3.5 0.5 2.0 1.25
sed_p05.cor 165.0 5750.0 4.0 0.5 2.0 1.25
sed_p05.cor 166.0 5750.0 4.5 0.5 2.0 1.25
sed_p05.cor 167.0 5750.0 5.0 0.5 2.0 1.25
sed_p05.cor 168.0 6000.0 0.0 0.5 2.0 1.25
sed_p05.cor 169.0 6000.0 0.5 0.5 2.0 1.25
sed_p05.cor 170.0 6000.0 1.0 0.5 2.0 1.25
sed_p05.cor 171.0 6000.0 1.5 0.5 2.0 1.25
sed_p05.cor 172.0 6000.0 2.0 0.5 2.0 1.25
sed_p05.cor 173.0 6000.0 2.5 0.5 2.0 1.25
sed_p05.cor 174.0 6000.0 3.0 0.5 2.0 1.25
sed_p05.cor 175.0 6000.0 3.5 0.5 2.0 1.25
sed_p05.cor 176.0 6000.0 4.0 0.5 2.0 1.25
sed_p05.cor 177.0 6000.0 4.5 0.5 2.0 1.25
sed_p05.cor 178.0 6000.0 5.0 0.5 2.0 1.25
sed_p05.cor 179.0 6250.0 0.5 0.5 2.0 1.25
sed_p05.cor 180.0 6250.0 1.0 0.5 2.0 1.25
sed_p05.cor 181.0 6250.0 1.5 0.5 2.0 1.25
sed_p05.cor 182.0 6250.0 2.0 0.5 2.0 1.25
sed_p05.cor 183.0 6250.0 2.5 0.5 2.0 1.25
sed_p05.cor 184.0 6250.0 3.0 0.5 2.0 1.25
sed_p05.cor 185.0 6250.0 3.5 0.5 2.0 1.25
sed_p05.cor 186.0 6250.0 4.0 0.5 2.0 1.25
sed_p05.cor 187.0 6250.0 4.5 0.5 2.0 1.25
sed_p05.cor 188.0 6250.0 5.0 0.5 2.0 1.25
sed_p05.cor 189.0 6500.0 0.5 0.5 2.0 1.25
sed_p05.cor 190.0 6500.0 1.0 0.5 2.0 1.25
sed_p05.cor 191.0 6500.0 1.5 0.5 2.0 1.25
sed_p05.cor 192.0 6500.0 2.0 0.5 2.0 1.25
sed_p05.cor 193.0 6500.0 2.5 0.5 2.0 1.25
sed_p05.cor 194.0 6500.0 3.0 0.5 2.0 1.25
sed_p05.cor 195.0 6500.0 3.5 0.5 2.0 1.25
sed_p05.cor 196.0 6500.0 4.0 0.5 2.0 1.25
sed_p05.cor 197.0 6500.0 4.5 0.5 2.0 1.25
sed_p05.cor 198.0 6500.0 5.0 0.5 2.0 1.25
sed_p05.cor 199.0 6750.0 0.5 0.5 2.0 1.25
sed_p05.cor 200.0 6750.0 1.0 0.5 2.0 1.25
sed_p05.cor 201.0 6750.0 1.5 0.5 2.0 1.25
sed_p05.cor 202.0 6750.0 2.0 0.5 2.0 1.25
sed_p05.cor 203.0 6750.0 2.5 0.5 2.0 1.25
sed_p05.cor 204.0 6750.0 3.0 0.5 2.0 1.25
sed_p05.cor 205.0 6750.0 3.5 0.5 2.0 1.25
sed_p05.cor 206.0 6750.0 4.0 0.5 2.0 1.25
sed_p05.cor 207.0 6750.0 4.5 0.5 2.0 1.25
sed_p05.cor 208.0 6750.0 5.0 0.5 2.0 1.25
sed_p05.cor 209.0 7000.0 0.5 0.5 2.0 1.25
sed_p05.cor 210.0 7000.0 1.0 0.5 2.0 1.25
sed_p05.cor 211.0 7000.0 1.5 0.5 2.0 1.25
sed_p05.cor 212.0 7000.0 2.0 0.5 2.0 1.25
sed_p05.cor 213.0 7000.0 2.5 0.5 2.0 1.25
sed_p05.cor 214.0 7000.0 3.0 0.5 2.0 1.25
sed_p05.cor 215.0 7000.0 3.5 0.5 2.0 1.25
sed_p05.cor 216.0 7000.0 4.0 0.5 2.0 1.25
sed_p05.cor 217.0 7000.0 4.5 0.5 2.0 1.25
sed_p05.cor 218.0 7000.0 5.0 0.5 2.0 1.25
sed_p05.cor 219.0 7250.0 1.0 0.5 2.0 1.25
sed_p05.cor 220.0 7250.0 1.5 0.5 2.0 1.25
sed_p05.cor 221.0 7250.0 2.0 0.5 2.0 1.25
sed_p05.cor 222.0 7250.0 2.5 0.5 2.0 1.25
sed_p05.cor 223.0 7250.0 3.0 0.5 2.0 1.25
sed_p05.cor 224.0 7250.0 3.5 0.5 2.0 1.25
sed_p05.cor 225.0 7250.0 4.0 0.5 2.0 1.25
sed_p05.cor 226.0 7250.0 4.5 0.5 2.0 1.25
sed_p05.cor 227.0 7250.0 5.0 0.5 2.0 1.25
sed_p05.cor 228.0 7500.0 1.0 0.5 2.0 1.25
sed_p05.cor 229.0 7500.0 1.5 0.5 2.0 1.25
sed_p05.cor 230.0 7500.0 2.0 0.5 2.0 1.25
sed_p05.cor 231.0 7500.0 2.5 0.5 2.0 1.25
sed_p05.cor 232.0 7500.0 3.0 0.5 2.0 1.25
sed_p05.cor 233.0 7500.0 3.5 0.5 2.0 1.25
sed_p05.cor 234.0 7500.0 4.0 0.5 2.0 1.25
sed_p05.cor 235.0 7500.0 4.5 0.5 2.0 1.25
sed_p05.cor 236.0 7500.0 5.0 0.5 2.0 1.25
sed_p05.cor 237.0 7750.0 1.0 0.5 2.0 1.25
sed_p05.cor 238.0 7750.0 1.5 0.5 2.0 1.25
sed_p05.cor 239.0 7750.0 2.0 0.5 2.0 1.25
sed_p05.cor 240.0 7750.0 2.5 0.5 2.0 1.25
sed_p05.cor 241.0 7750.0 3.0 0.5 2.0 1.25
sed_p05.cor 242.0 7750.0 3.5 0.5 2.0 1.25
sed_p05.cor 243.0 7750.0 4.0 0.5 2.0 1.25
sed_p05.cor 244.0 7750.0 4.5 0.5 2.0 1.25
sed_p05.cor 245.0 7750.0 5.0 0.5 2.0 1.25
sed_p05.cor 246.0 8000.0 1.0 0.5 2.0 1.25
sed_p05.cor 247.0 8000.0 1.5 0.5 2.0 1.25
sed_p05.cor 248.0 8000.0 2.0 0.5 2.0 1.25
sed_p05.cor 249.0 8000.0 2.5 0.5 2.0 1.25
sed_p05.cor 250.0 8000.0 3.0 0.5 2.0 1.25
sed_p05.cor 251.0 8000.0 3.5 0.5 2.0 1.25
sed_p05.cor 252.0 8000.0 4.0 0.5 2.0 1.25
sed_p05.cor 253.0 8000.0 4.5 0.5 2.0 1.25
sed_p05.cor 254.0 8000.0 5.0 0.5 2.0 1.25
sed_p05.cor 255.0 8250.0 1.0 0.5 2.0 1.25
sed_p05.cor 256.0 8250.0 1.5 0.5 2.0 1.25
sed_p05.cor 257.0 8250.0 2.0 0.5 2.0 1.25
sed_p05.cor 258.0 8250.0 2.5 0.5 2.0 1.25
sed_p05.cor 259.0 8250.0 3.0 0.5 2.0 1.25
sed_p05.cor 260.0 8250.0 3.5 0.5 2.0 1.25
sed_p05.cor 261.0 8250.0 4.0 0.5 2.0 1.25
sed_p05.cor 262.0 8250.0 4.5 0.5 2.0 1.25
sed_p05.cor 263.0 8250.0 5.0 0.5 2.0 1.25
sed_p05.cor 264.0 8500.0 1.5 0.5 2.0 1.25
sed_p05.cor 265.0 8500.0 2.0 0.5 2.0 1.25
sed_p05.cor 266.0 8500.0 2.5 0.5 2.0 1.25
sed_p05.cor 267.0 8500.0 3.0 0.5 2.0 1.25
sed_p05.cor 268.0 8500.0 3.5 0.5 2.0 1.25
sed_p05.cor 269.0 8500.0 4.0 0.5 2.0 1.25
sed_p05.cor 270.0 8500.0 4.5 0.5 2.0 1.25
sed_p05.cor 271.0 8500.0 5.0 0.5 2.0 1.25
sed_p05.cor 272.0 8750.0 1.5 0.5 2.0 1.25
sed_p05.cor 273.0 8750.0 2.0 0.5 2.0 1.25
sed_p05.cor 274.0 8750.0 2.5 0.5 2.0 1.25
sed_p05.cor 275.0 8750.0 3.0 0.5 2.0 1.25
sed_p05.cor 276.0 8750.0 3.5 0.5 2.0 1.25
sed_p05.cor 277.0 8750.0 4.0 0.5 2.0 1.25
sed_p05.cor 278.0 8750.0 4.5 0.5 2.0 1.25
sed_p05.cor 279.0 8750.0 5.0 0.5 2.0 1.25
sed_p05.cor 280.0 9000.0 1.5 0.5 2.0 0.0
sed_p05.cor 281.0 9000.0 2.0 0.5 2.0 0.0
sed_p05.cor 282.0 9000.0 2.5 0.5 2.0 0.0
sed_p05.cor 283.0 9000.0 3.0 0.5 2.0 0.0
sed_p05.cor 284.0 9000.0 3.5 0.5 2.0 0.0
sed_p05.cor 285.0 9000.0 4.0 0.5 2.0 0.0
sed_p05.cor 286.0 9000.0 4.5 0.5 2.0 0.0
sed_p05.cor 287.0 9000.0 5.0 0.5 2.0 0.0
sed_p05.cor 288.0 9250.0 2.0 0.5 2.0 0.0
sed_p05.cor 289.0 9250.0 2.5 0.5 2.0 0.0
sed_p05.cor 290.0 9250.0 3.0 0.5 2.0 0.0
sed_p05.cor 291.0 9250.0 3.5 0.5 2.0 0.0
sed_p05.cor 292.0 9250.0 4.0 0.5 2.0 0.0
sed_p05.cor 293.0 9250.0 4.5 0.5 2.0 0.0
sed_p05.cor 294.0 9250.0 5.0 0.5 2.0 0.0
sed_p05.cor 295.0 9500.0 2.0 0.5 2.0 0.0
sed_p05.cor 296.0 9500.0 2.5 0.5 2.0 0.0
sed_p05.cor 297.0 9500.0 3.0 0.5 2.0 0.0
sed_p05.cor 298.0 9500.0 3.5 0.5 2.0 0.0
sed_p05.cor 299.0 9500.0 4.0 0.5 2.0 0.0
sed_p05.cor 300.0 9500.0 4.5 0.5 2.0 0.0
sed_p05.cor 301.0 9500.0 5.0 0.5 2.0 0.0
sed_p05.cor 302.0 9750.0 2.0 0.5 2.0 0.0
sed_p05.cor 303.0 9750.0 2.5 0.5 2.0 0.0
sed_p05.cor 304.0 9750.0 3.0 0.5 2.0 0.0
sed_p05.cor 305.0 9750.0 3.5 0.5 2.0 0.0
sed_p05.cor 306.0 9750.0 4.0 0.5 2.0 0.0
sed_p05.cor 307.0 9750.0 4.5 0.5 2.0 0.0
sed_p05.cor 308.0 9750.0 5.0 0.5 2.0 0.0
sed_p05.cor 309.0 10000.0 2.0 0.5 2.0 0.0
sed_p05.cor 310.0 10000.0 2.5 0.5 2.0 0.0
sed_p05.cor 311.0 10000.0 3.0 0.5 2.0 0.0
sed_p05.cor 312.0 10000.0 3.5 0.5 2.0 0.0
sed_p05.cor 313.0 10000.0 4.0 0.5 2.0 0.0
sed_p05.cor 314.0 10000.0 4.5 0.5 2.0 0.0
sed_p05.cor 315.0 10000.0 5.0 0.5 2.0 0.0
sed_p05.cor 316.0 10500.0 2.0 0.5 2.0 0.0
sed_p05.cor 317.0 10500.0 2.5 0.5 2.0 0.0
sed_p05.cor 318.0 10500.0 3.0 0.5 2.0 0.0
sed_p05.cor 319.0 10500.0 3.5 0.5 2.0 0.0
sed_p05.cor 320.0 10500.0 4.0 0.5 2.0 0.0
sed_p05.cor 321.0 10500.0 4.5 0.5 2.0 0.0
sed_p05.cor 322.0 10500.0 5.0 0.5 2.0 0.0
sed_p05.cor 323.0 11000.0 2.5 0.5 2.0 0.0
sed_p05.cor 324.0 11000.0 3.0 0.5 2.0 0.0
sed_p05.cor 325.0 11000.0 3.5 0.5 2.0 0.0
sed_p05.cor 326.0 11000.0 4.0 0.5 2.0 0.0
sed_p05.cor 327.0 11000.0 4.5 0.5 2.0 0.0
sed_p05.cor 328.0 11000.0 5.0 0.5 2.0 0.0
sed_p05.cor 329.0 11500.0 2.5 0.5 2.0 0.0
sed_p05.cor 330.0 11500.0 3.0 0.5 2.0 0.0
sed_p05.cor 331.0 11500.0 3.5 0.5 2.0 0.0
sed_p05.cor 332.0 11500.0 4.0 0.5 2.0 0.0
sed_p05.cor 333.0 11500.0 4.5 0.5 2.0 0.0
sed_p05.cor 334.0 11500.0 5.0 0.5 2.0 0.0
sed_p05.cor 335.0 12000.0 2.5 0.5 2.0 0.0
sed_p05.cor 336.0 12000.0 3.0 0.5 2.0 0.0
sed_p05.cor 337.0 12000.0 3.5 0.5 2.0 0.0
sed_p05.cor 338.0 12000.0 4.0 0.5 2.0 0.0
sed_p05.cor 339.0 12000.0 4.5 0.5 2.0 0.0
sed_p05.cor 340.0 12000.0 5.0 0.5 2.0 0.0
sed_p05.cor 341.0 12500.0 2.5 0.5 2.0 0.0
sed_p05.cor 342.0 12500.0 3.0 0.5 2.0 0.0
sed_p05.cor 343.0 12500.0 3.5 0.5 2.0 0.0
sed_p05.cor 344.0 12500.0 4.0 0.5 2.0 0.0
sed_p05.cor 345.0 12500.0 4.5 0.5 2.0 0.0
sed_p05.cor 346.0 12500.0 5.0 0.5 2.0 0.0
sed_p05.cor 347.0 13000.0 2.5 0.5 2.0 0.0
sed_p05.cor 348.0 13000.0 3.0 0.5 2.0 0.0
sed_p05.cor 349.0 13000.0 3.5 0.5 2.0 0.0
sed_p05.cor 350.0 13000.0 4.0 0.5 2.0 0.0
sed_p05.cor 351.0 13000.0 4.5 0.5 2.0 0.0
sed_p05.cor 352.0 13000.0 5.0 0.5 2.0 0.0
sed_p05.cor 353.0 14000.0 2.5 0.5 2.0 0.0
sed_p05.cor 354.0 14000.0 3.0 0.5 2.0 0.0
sed_p05.cor 355.0 14000.0 3.5 0.5 2.0 0.0
sed_p05.cor 356.0 14000.0 4.0 0.5 2.0 0.0
sed_p05.cor 357.0 14000.0 4.5 0.5 2.0 0.0
sed_p05.cor 358.0 14000.0 5.0 0.5 2.0 0.0
sed_p05.cor 359.0 15000.0 2.5 0.5 2.0 0.0
sed_p05.cor 360.0 15000.0 3.0 0.5 2.0 0.0
sed_p05.cor 361.0 15000.0 3.5 0.5 2.0 0.0
sed_p05.cor 362.0 15000.0 4.0 0.5 2.0 0.0
sed_p05.cor 363.0 15000.0 4.5 0.5 2.0 0.0
sed_p05.cor 364.0 15000.0 5.0 0.5 2.0 0.0
sed_p05.cor 365.0 16000.0 2.5 0.5 2.0 0.0
sed_p05.cor 366.0 16000.0 3.0 0.5 2.0 0.0
sed_p05.cor 367.0 16000.0 3.5 0.5 2.0 0.0
sed_p05.cor 368.0 16000.0 4.0 0.5 2.0 0.0
sed_p05.cor 369.0 16000.0 4.5 0.5 2.0 0.0
sed_p05.cor 370.0 16000.0 5.0 0.5 2.0 0.0
sed_p05.cor 371.0 17000.0 2.5 0.5 2.0 0.0
sed_p05.cor 372.0 17000.0 3.0 0.5 2.0 0.0
sed_p05.cor 373.0 17000.0 3.5 0.5 2.0 0.0
sed_p05.cor 374.0 17000.0 4.0 0.5 2.0 0.0
sed_p05.cor 375.0 17000.0 4.5 0.5 2.0 0.0
sed_p05.cor 376.0 17000.0 5.0 0.5 2.0 0.0
sed_p05.cor 377.0 18000.0 3.0 0.5 2.0 0.0
sed_p05.cor 378.0 18000.0 3.5 0.5 2.0 0.0
sed_p05.cor 379.0 18000.0 4.0 0.5 2.0 0.0
sed_p05.cor 380.0 18000.0 4.5 0.5 2.0 0.0
sed_p05.cor 381.0 18000.0 5.0 0.5 2.0 0.0
sed_p05.cor 382.0 19000.0 3.0 0.5 2.0 0.0
sed_p05.cor 383.0 19000.0 3.5 0.5 2.0 0.0
sed_p05.cor 384.0 19000.0 4.0 0.5 2.0 0.0
sed_p05.cor 385.0 19000.0 4.5 0.5 2.0 0.0
sed_p05.cor 386.0 19000.0 5.0 0.5 2.0 0.0
sed_p05.cor 387.0 20000.0 3.0 0.5 2.0 0.0
sed_p05.cor 388.0 20000.0 3.5 0.5 2.0 0.0
sed_p05.cor 389.0 20000.0 4.0 0.5 2.0 0.0
sed_p05.cor 390.0 20000.0 4.5 0.5 2.0 0.0
sed_p05.cor 391.0 20000.0 5.0 0.5 2.0 0.0
sed_p05.cor 392.0 21000.0 3.0 0.5 2.0 0.0
sed_p05.cor 393.0 21000.0 3.5 0.5 2.0 0.0
sed_p05.cor 394.0 21000.0 4.0 0.5 2.0 0.0
sed_p05.cor 395.0 21000.0 4.5 0.5 2.0 0.0
sed_p05.cor 396.0 21000.0 5.0 0.5 2.0 0.0
sed_p05.cor 397.0 22000.0 3.0 0.5 2.0 0.0
sed_p05.cor 398.0 22000.0 3.5 0.5 2.0 0.0
sed_p05.cor 399.0 22000.0 4.0 0.5 2.0 0.0
sed_p05.cor 400.0 22000.0 4.5 0.5 2.0 0.0
sed_p05.cor 401.0 22000.0 5.0 0.5 2.0 0.0
sed_p05.cor 402.0 23000.0 3.0 0.5 2.0 0.0
sed_p05.cor 403.0 23000.0 3.5 0.5 2.0 0.0
sed_p05.cor 404.0 23000.0 4.0 0.5 2.0 0.0
sed_p05.cor 405.0 23000.0 4.5 0.5 2.0 0.0
sed_p05.cor 406.0 23000.0 5.0 0.5 2.0 0.0
sed_p05.cor 407.0 24000.0 3.0 0.5 2.0 0.0
sed_p05.cor 408.0 24000.0 3.5 0.5 2.0 0.0
sed_p05.cor 409.0 24000.0 4.0 0.5 2.0 0.0
sed_p05.cor 410.0 24000.0 4.5 0.5 2.0 0.0
sed_p05.cor 411.0 24000.0 5.0 0.5 2.0 0.0
sed_p05.cor 412.0 25000.0 3.5 0.5 2.0 0.0
sed_p05.cor 413.0 25000.0 4.0 0.5 2.0 0.0
sed_p05.cor 414.0 25000.0 4.5 0.5 2.0 0.0
sed_p05.cor 415.0 25000.0 5.0 0.5 2.0 0.0
sed_p05.cor 416.0 26000.0 3.5 0.5 2.0 0.0
sed_p05.cor 417.0 26000.0 4.0 0.5 2.0 0.0
sed_p05.cor 418.0 26000.0 4.5 0.5 2.0 0.0
sed_p05.cor 419.0 26000.0 5.0 0.5 2.0 0.0
sed_p05.cor 420.0 27000.0 3.5 0.5 2.0 0.0
sed_p05.cor 421.0 27000.0 4.0 0.5 2.0 0.0
sed_p05.cor 422.0 27000.0 4.5 0.5 2.0 0.0
sed_p05.cor 423.0 27000.0 5.0 0.5 2.0 0.0
sed_p05.cor 424.0 28000.0 3.5 0.5 2.0 0.0
sed_p05.cor 425.0 28000.0 4.0 0.5 2.0 0.0
sed_p05.cor 426.0 28000.0 4.5 0.5 2.0 0.0
sed_p05.cor 427.0 28000.0 5.0 0.5 2.0 0.0
sed_p05.cor 428.0 29000.0 3.5 0.5 2.0 0.0
sed_p05.cor 429.0 29000.0 4.0 0.5 2.0 0.0
sed_p05.cor 430.0 29000.0 4.5 0.5 2.0 0.0
sed_p05.cor 431.0 29000.0 5.0 0.5 2.0 0.0
sed_p05.cor 432.0 30000.0 4.0 0.5 2.0 0.0
sed_p05.cor 433.0 30000.0 4.5 0.5 2.0 0.0
sed_p05.cor 434.0 30000.0 5.0 0.5 2.0 0.0
sed_p05.cor 435.0 31000.0 4.0 0.5 2.0 0.0
sed_p05.cor 436.0 31000.0 4.5 0.5 2.0 0.0
sed_p05.cor 437.0 31000.0 5.0 0.5 2.0 0.0
sed_p05.cor 438.0 32000.0 4.0 0.5 2.0 0.0
sed_p05.cor 439.0 32000.0 4.5 0.5 2.0 0.0
sed_p05.cor 440.0 32000.0 5.0 0.5 2.0 0.0
sed_p05.cor 441.0 33000.0 4.0 0.5 2.0 0.0
sed_p05.cor 442.0 33000.0 4.5 0.5 2.0 0.0
sed_p05.cor 443.0 33000.0 5.0 0.5 2.0 0.0
sed_p05.cor 444.0 34000.0 4.5 0.5 2.0 0.0
sed_p05.cor 445.0 34000.0 5.0 0.5 2.0 0.0
sed_p05.cor 446.0 35000.0 4.5 0.5 2.0 0.0
sed_p05.cor 447.0 35000.0 5.0 0.5 2.0 0.0
sed_p05.cor 448.0 37500.0 4.5 0.5 2.0 0.0
sed_p05.cor 449.0 37500.0 5.0 0.5 2.0 0.0
sed_p05.cor 450.0 40000.0 5.0 0.5 2.0 0.0
sed_p05.cor 451.0 42500.0 5.0 0.5 2.0 0.0
sed_p05.cor 452.0 45000.0 5.0 0.5 2.0 0.0
